14.036809238190894 16.079351424943248
17.98671689019914 20.30489988588636
16.73509841298248 25.525743130919416
19.44588686054238 32.60751154220296
30.34490543341148 36.81814797974014
31.259554848711414 45.846518665522396
28.529027877194306 41.721884336540036
20.69943149239589 41.53457671891153
24.614263285141078 30.612348757584066
23.374335746551004 50.66842805041354
17.24768903140931 20.17034957247874
31.85420161366631 43.467234008924784
13.6394034153148 18.71609198082108
22.12729045118094 21.04759850533799
12.690159072419917 18.97054839400342
30.75756783481415 41.91317296552356
27.922462699509182 43.747145870808
25.30973030901699 40.13309925340635
28.796316358145745 39.92148429568785
17.820867587779233 23.74852849644822
26.091380211853668 33.56437327143749
16.34027602777367 38.023436921277145
18.22604111194333 29.140914427131943
29.638040166870223 51.28766498246964
34.014600857909286 58.21944705587736
18.881305689425623 37.620932843330976
22.88495676959778 31.047049510723888
15.211473127055951 25.109860423612737
30.883136548166885 41.135801501976985
18.097904054979452 30.21990665869655
